Time: 12:27:5Test Mode: Creativity
----------
[1][0][0][0]
[0][1][0][0]
[0][0][1][0]
[0][0][0][1]
----------
Time: 12:27:6Test Mode: Creativity
----------
[1][0][0][0]
[0][1][0][0]
[0][0][1][0]
[0][0][0][1]
----------
Time: 12:27:11Test Mode: Creativity
----------
[1][0][0][0]
[0][1][0][0]
[0][0][1][0]
[0][0][0][1]
----------
Time: 12:27:11Test Mode: Creativity
----------
[1][0][0][0]
[0][1][0][0]
[0][0][1][0]
[0][0][0][1]
----------
Time: 12:27:16Test Mode: blardsfasdhfb
----------
[1][0][0][0]
[0][1][0][0]
[0][0][1][0]
[0][0][0][1]
----------
Time: 12:27:17Test Mode: blardsfasdhfb
----------
[1][0][0][0]
[0][1][0][0]
[0][0][1][0]
[0][0][0][1]
----------
Time: 12:27:17Test Mode: blardsfasdhfb
----------
[1][0][0][0]
[0][1][0][0]
[0][0][1][0]
[0][0][0][1]
----------
Time: 12:27:39Test Mode: blardsfasdhfb
----------
[1][0][0][0]
[0][1][0][0]
[0][0][1][0]
[0][0][0][1]
----------
