Time: 12:18:18
----------
[1][0][0][0]
[0][1][0][0]
[0][0][1][0]
[0][0][0][1]
----------
Time: 12:18:32
----------
[1][0][0][0]
[0][1][0][0]
[0][0][1][0]
[0][0][0][1]
----------
Time: 12:18:32
----------
[1][0][0][0]
[0][1][0][0]
[0][0][1][0]
[0][0][0][1]
----------
Time: 12:18:33
----------
[1][0][0][0]
[0][1][0][0]
[0][0][1][0]
[0][0][0][1]
----------
Time: 12:18:33
----------
[1][0][0][0]
[0][1][0][0]
[0][0][1][0]
[0][0][0][1]
----------
Time: 12:18:33
----------
[1][0][0][0]
[0][1][0][0]
[0][0][1][0]
[0][0][0][1]
----------
